(kicad_pcb (version 20171130) (host pcbnew "(5.1.0)-1")

  (general
    (thickness 1.6)
    (drawings 0)
    (tracks 223)
    (zones 0)
    (modules 55)
    (nets 35)
  )

  (page A4)
  (layers
    (0 F.Cu signal)
    (31 B.Cu signal)
    (32 B.Adhes user)
    (33 F.Adhes user)
    (34 B.Paste user)
    (35 F.Paste user)
    (36 B.SilkS user)
    (37 F.SilkS user)
    (38 B.Mask user)
    (39 F.Mask user)
    (40 Dwgs.User user)
    (41 Cmts.User user)
    (42 Eco1.User user)
    (43 Eco2.User user)
    (44 Edge.Cuts user)
    (45 Margin user)
    (46 B.CrtYd user)
    (47 F.CrtYd user)
    (48 B.Fab user)
    (49 F.Fab user hide)
  )

  (setup
    (last_trace_width 0.25)
    (trace_clearance 0.2)
    (zone_clearance 0.508)
    (zone_45_only no)
    (trace_min 0.2)
    (via_size 0.8)
    (via_drill 0.4)
    (via_min_size 0.4)
    (via_min_drill 0.3)
    (uvia_size 0.3)
    (uvia_drill 0.1)
    (uvias_allowed no)
    (uvia_min_size 0.2)
    (uvia_min_drill 0.1)
    (edge_width 0.05)
    (segment_width 0.2)
    (pcb_text_width 0.3)
    (pcb_text_size 1.5 1.5)
    (mod_edge_width 0.12)
    (mod_text_size 1 1)
    (mod_text_width 0.15)
    (pad_size 1.524 1.524)
    (pad_drill 0.762)
    (pad_to_mask_clearance 0.051)
    (solder_mask_min_width 0.25)
    (aux_axis_origin 0 0)
    (visible_elements 7FFFFFFF)
    (pcbplotparams
      (layerselection 0x010fc_ffffffff)
      (usegerberextensions false)
      (usegerberattributes false)
      (usegerberadvancedattributes false)
      (creategerberjobfile false)
      (excludeedgelayer true)
      (linewidth 0.100000)
      (plotframeref false)
      (viasonmask false)
      (mode 1)
      (useauxorigin false)
      (hpglpennumber 1)
      (hpglpenspeed 20)
      (hpglpendiameter 15.000000)
      (psnegative false)
      (psa4output false)
      (plotreference true)
      (plotvalue true)
      (plotinvisibletext false)
      (padsonsilk false)
      (subtractmaskfromsilk false)
      (outputformat 1)
      (mirror false)
      (drillshape 1)
      (scaleselection 1)
      (outputdirectory ""))
  )

  (net 0 "")
  (net 1 5Vref)
  (net 2 GNDD)
  (net 3 /BQ29707_P5)
  (net 4 PACK+)
  (net 5 "Net-(C5-Pad1)")
  (net 6 "Net-(C6-Pad1)")
  (net 7 "Net-(C7-Pad1)")
  (net 8 MPB)
  (net 9 BATdiv3)
  (net 10 933mVref)
  (net 11 LowTemp)
  (net 12 HighTemp)
  (net 13 1.4Vref)
  (net 14 BatTemp)
  (net 15 ChargeOK)
  (net 16 TempOK)
  (net 17 DischargeEnable)
  (net 18 DischargeOK)
  (net 19 ChargeEnable)
  (net 20 /BQ29707_P1)
  (net 21 /BQ29707_P2)
  (net 22 /BQ29707_P3)
  (net 23 /BQ29707_P6)
  (net 24 "Net-(Q1-Pad5)")
  (net 25 GNDA)
  (net 26 "Net-(R20-Pad1)")
  (net 27 "Net-(R21-Pad1)")
  (net 28 "Net-(U1-Pad1)")
  (net 29 BAT+1)
  (net 30 BAT-1)
  (net 31 PACK+1)
  (net 32 AL_CC1)
  (net 33 SDA1)
  (net 34 SCL1)

  (net_class Default "This is the default net class."
    (clearance 0.2)
    (trace_width 0.25)
    (via_dia 0.8)
    (via_drill 0.4)
    (uvia_dia 0.3)
    (uvia_drill 0.1)
    (add_net /BQ29707_P1)
    (add_net /BQ29707_P2)
    (add_net /BQ29707_P3)
    (add_net /BQ29707_P5)
    (add_net /BQ29707_P6)
    (add_net 1.4Vref)
    (add_net 5Vref)
    (add_net 933mVref)
    (add_net AL_CC1)
    (add_net BAT+1)
    (add_net BAT-1)
    (add_net BATdiv3)
    (add_net BatTemp)
    (add_net ChargeEnable)
    (add_net ChargeOK)
    (add_net DischargeEnable)
    (add_net DischargeOK)
    (add_net GNDA)
    (add_net GNDD)
    (add_net HighTemp)
    (add_net LowTemp)
    (add_net MPB)
    (add_net "Net-(C5-Pad1)")
    (add_net "Net-(C6-Pad1)")
    (add_net "Net-(C7-Pad1)")
    (add_net "Net-(Q1-Pad5)")
    (add_net "Net-(R20-Pad1)")
    (add_net "Net-(R21-Pad1)")
    (add_net "Net-(U1-Pad1)")
    (add_net PACK+)
    (add_net PACK+1)
    (add_net SCL1)
    (add_net SDA1)
    (add_net TempOK)
  )

  (net_class Small ""
    (clearance 0.2)
    (trace_width 0.2)
    (via_dia 0.8)
    (via_drill 0.4)
    (uvia_dia 0.3)
    (uvia_drill 0.1)
  )

  (module Connector_PinSocket_2.00mm:PinSocket_1x06_P2.00mm_Vertical (layer F.Cu) (tedit 5A19A421) (tstamp 5DF0CBF5)
    (at 132.144 145.288 90)
    (descr "Through hole straight socket strip, 1x06, 2.00mm pitch, single row (from Kicad 4.0.7), script generated")
    (tags "Through hole socket strip THT 1x06 2.00mm single row")
    (path /5DFA344A)
    (fp_text reference J2 (at 0 -2.5 90) (layer F.SilkS)
      (effects (font (size 1 1) (thickness 0.15)))
    )
    (fp_text value Conn_01x06_Male (at 0 12.5 90) (layer F.Fab)
      (effects (font (size 1 1) (thickness 0.15)))
    )
    (fp_text user %R (at 0 5 180) (layer F.Fab)
      (effects (font (size 1 1) (thickness 0.15)))
    )
    (fp_line (start -1.5 11.5) (end -1.5 -1.5) (layer F.CrtYd) (width 0.05))
    (fp_line (start 1.5 11.5) (end -1.5 11.5) (layer F.CrtYd) (width 0.05))
    (fp_line (start 1.5 -1.5) (end 1.5 11.5) (layer F.CrtYd) (width 0.05))
    (fp_line (start -1.5 -1.5) (end 1.5 -1.5) (layer F.CrtYd) (width 0.05))
    (fp_line (start 0 -1.06) (end 1.06 -1.06) (layer F.SilkS) (width 0.12))
    (fp_line (start 1.06 -1.06) (end 1.06 0) (layer F.SilkS) (width 0.12))
    (fp_line (start 1.06 1) (end 1.06 11.06) (layer F.SilkS) (width 0.12))
    (fp_line (start -1.06 11.06) (end 1.06 11.06) (layer F.SilkS) (width 0.12))
    (fp_line (start -1.06 1) (end -1.06 11.06) (layer F.SilkS) (width 0.12))
    (fp_line (start -1.06 1) (end 1.06 1) (layer F.SilkS) (width 0.12))
    (fp_line (start -1 11) (end -1 -1) (layer F.Fab) (width 0.1))
    (fp_line (start 1 11) (end -1 11) (layer F.Fab) (width 0.1))
    (fp_line (start 1 -0.5) (end 1 11) (layer F.Fab) (width 0.1))
    (fp_line (start 0.5 -1) (end 1 -0.5) (layer F.Fab) (width 0.1))
    (fp_line (start -1 -1) (end 0.5 -1) (layer F.Fab) (width 0.1))
    (pad 6 thru_hole oval (at 0 10 90) (size 1.35 1.35) (drill 0.8) (layers *.Cu *.Mask)
      (net 31 PACK+1))
    (pad 5 thru_hole oval (at 0 8 90) (size 1.35 1.35) (drill 0.8) (layers *.Cu *.Mask)
      (net 32 AL_CC1))
    (pad 4 thru_hole oval (at 0 6 90) (size 1.35 1.35) (drill 0.8) (layers *.Cu *.Mask)
      (net 33 SDA1))
    (pad 3 thru_hole oval (at 0 4 90) (size 1.35 1.35) (drill 0.8) (layers *.Cu *.Mask)
      (net 34 SCL1))
    (pad 2 thru_hole oval (at 0 2 90) (size 1.35 1.35) (drill 0.8) (layers *.Cu *.Mask)
      (net 30 BAT-1))
    (pad 1 thru_hole rect (at 0 0 90) (size 1.35 1.35) (drill 0.8) (layers *.Cu *.Mask)
      (net 29 BAT+1))
    (model ${KISYS3DMOD}/Connector_PinSocket_2.00mm.3dshapes/PinSocket_1x06_P2.00mm_Vertical.wrl
      (at (xyz 0 0 0))
      (scale (xyz 1 1 1))
      (rotate (xyz 0 0 0))
    )
  )

  (module Capacitor_SMD:C_1206_3216Metric_Pad1.42x1.75mm_HandSolder (layer F.Cu) (tedit 5B301BBE) (tstamp 5DF0CB01)
    (at 99.568 53.213)
    (descr "Capacitor SMD 1206 (3216 Metric), square (rectangular) end terminal, IPC_7351 nominal with elongated pad for handsoldering. (Body size source: http://www.tortai-tech.com/upload/download/2011102023233369053.pdf), generated with kicad-footprint-generator")
    (tags "capacitor handsolder")
    (path /5DEA295E)
    (attr smd)
    (fp_text reference C9 (at 0 -1.82) (layer F.SilkS)
      (effects (font (size 1 1) (thickness 0.15)))
    )
    (fp_text value 1u (at 0 1.82) (layer F.Fab)
      (effects (font (size 1 1) (thickness 0.15)))
    )
    (fp_text user %R (at 0 0) (layer F.Fab)
      (effects (font (size 0.8 0.8) (thickness 0.12)))
    )
    (fp_line (start 2.45 1.12) (end -2.45 1.12) (layer F.CrtYd) (width 0.05))
    (fp_line (start 2.45 -1.12) (end 2.45 1.12) (layer F.CrtYd) (width 0.05))
    (fp_line (start -2.45 -1.12) (end 2.45 -1.12) (layer F.CrtYd) (width 0.05))
    (fp_line (start -2.45 1.12) (end -2.45 -1.12) (layer F.CrtYd) (width 0.05))
    (fp_line (start -0.602064 0.91) (end 0.602064 0.91) (layer F.SilkS) (width 0.12))
    (fp_line (start -0.602064 -0.91) (end 0.602064 -0.91) (layer F.SilkS) (width 0.12))
    (fp_line (start 1.6 0.8) (end -1.6 0.8) (layer F.Fab) (width 0.1))
    (fp_line (start 1.6 -0.8) (end 1.6 0.8) (layer F.Fab) (width 0.1))
    (fp_line (start -1.6 -0.8) (end 1.6 -0.8) (layer F.Fab) (width 0.1))
    (fp_line (start -1.6 0.8) (end -1.6 -0.8) (layer F.Fab) (width 0.1))
    (pad 2 smd roundrect (at 1.4875 0) (size 1.425 1.75) (layers F.Cu F.Paste F.Mask) (roundrect_rratio 0.175439)
      (net 25 GNDA))
    (pad 1 smd roundrect (at -1.4875 0) (size 1.425 1.75) (layers F.Cu F.Paste F.Mask) (roundrect_rratio 0.175439)
      (net 4 PACK+))
    (model ${KISYS3DMOD}/Capacitor_SMD.3dshapes/C_1206_3216Metric.wrl
      (at (xyz 0 0 0))
      (scale (xyz 1 1 1))
      (rotate (xyz 0 0 0))
    )
  )

  (module Resistor_SMD:R_1206_3216Metric_Pad1.42x1.75mm_HandSolder (layer F.Cu) (tedit 5B301BBD) (tstamp 5DF01D46)
    (at 51.308 113.284 90)
    (descr "Resistor SMD 1206 (3216 Metric), square (rectangular) end terminal, IPC_7351 nominal with elongated pad for handsoldering. (Body size source: http://www.tortai-tech.com/upload/download/2011102023233369053.pdf), generated with kicad-footprint-generator")
    (tags "resistor handsolder")
    (path /5D06CFF0)
    (attr smd)
    (fp_text reference R4 (at 3.556 0 180) (layer F.SilkS)
      (effects (font (size 1 1) (thickness 0.15)))
    )
    (fp_text value 5M (at 0 1.82 90) (layer F.Fab)
      (effects (font (size 1 1) (thickness 0.15)))
    )
    (fp_text user %R (at 0 0 90) (layer F.Fab)
      (effects (font (size 0.8 0.8) (thickness 0.12)))
    )
    (fp_line (start 2.45 1.12) (end -2.45 1.12) (layer F.CrtYd) (width 0.05))
    (fp_line (start 2.45 -1.12) (end 2.45 1.12) (layer F.CrtYd) (width 0.05))
    (fp_line (start -2.45 -1.12) (end 2.45 -1.12) (layer F.CrtYd) (width 0.05))
    (fp_line (start -2.45 1.12) (end -2.45 -1.12) (layer F.CrtYd) (width 0.05))
    (fp_line (start -0.602064 0.91) (end 0.602064 0.91) (layer F.SilkS) (width 0.12))
    (fp_line (start -0.602064 -0.91) (end 0.602064 -0.91) (layer F.SilkS) (width 0.12))
    (fp_line (start 1.6 0.8) (end -1.6 0.8) (layer F.Fab) (width 0.1))
    (fp_line (start 1.6 -0.8) (end 1.6 0.8) (layer F.Fab) (width 0.1))
    (fp_line (start -1.6 -0.8) (end 1.6 -0.8) (layer F.Fab) (width 0.1))
    (fp_line (start -1.6 0.8) (end -1.6 -0.8) (layer F.Fab) (width 0.1))
    (pad 2 smd roundrect (at 1.4875 0 90) (size 1.425 1.75) (layers F.Cu F.Paste F.Mask) (roundrect_rratio 0.175439)
      (net 21 /BQ29707_P2))
    (pad 1 smd roundrect (at -1.4875 0 90) (size 1.425 1.75) (layers F.Cu F.Paste F.Mask) (roundrect_rratio 0.175439)
      (net 2 GNDD))
    (model ${KISYS3DMOD}/Resistor_SMD.3dshapes/R_1206_3216Metric.wrl
      (at (xyz 0 0 0))
      (scale (xyz 1 1 1))
      (rotate (xyz 0 0 0))
    )
  )

  (module Battery:BatteryHolder_Keystone_1042_1x18650 (layer F.Cu) (tedit 5A033499) (tstamp 5DF01B21)
    (at 83.312 137.668 180)
    (descr "Battery holder for 18650 cylindrical cells http://www.keyelco.com/product.cfm/product_id/918")
    (tags "18650 Keystone 1042 Li-ion")
    (path /5D06CFB5)
    (attr smd)
    (fp_text reference BT1 (at 0 -11.5 180) (layer F.SilkS)
      (effects (font (size 1 1) (thickness 0.15)))
    )
    (fp_text value Cell1 (at 0 11.3 180) (layer F.Fab)
      (effects (font (size 1 1) (thickness 0.15)))
    )
    (fp_line (start -33.3675 -10.33) (end -38.53 -5.1675) (layer F.Fab) (width 0.1))
    (fp_line (start -38.64 -3.44) (end -43 -3.44) (layer F.SilkS) (width 0.12))
    (fp_line (start 43.5 3.68) (end 43.5 -3.68) (layer F.CrtYd) (width 0.05))
    (fp_line (start 39.03 10.83) (end 39.03 3.68) (layer F.CrtYd) (width 0.05))
    (fp_text user %R (at 0 0 180) (layer F.Fab)
      (effects (font (size 1 1) (thickness 0.15)))
    )
    (fp_line (start -38.64 10.44) (end -38.64 3.44) (layer F.SilkS) (width 0.12))
    (fp_line (start 38.64 10.44) (end -38.64 10.44) (layer F.SilkS) (width 0.12))
    (fp_line (start 38.64 3.44) (end 38.64 10.44) (layer F.SilkS) (width 0.12))
    (fp_line (start -38.64 -10.44) (end -38.64 -3.44) (layer F.SilkS) (width 0.12))
    (fp_line (start 38.64 -10.44) (end -38.64 -10.44) (layer F.SilkS) (width 0.12))
    (fp_line (start 38.64 -3.44) (end 38.64 -10.42) (layer F.SilkS) (width 0.12))
    (fp_line (start -38.53 10.33) (end 38.53 10.33) (layer F.Fab) (width 0.1))
    (fp_line (start -38.53 -5.1675) (end -38.53 10.33) (layer F.Fab) (width 0.1))
    (fp_line (start 43.75 -6) (end 41.25 -6) (layer F.SilkS) (width 0.12))
    (fp_line (start -33.3675 -10.33) (end 38.53 -10.33) (layer F.Fab) (width 0.1))
    (fp_line (start 38.53 -10.33) (end 38.53 10.33) (layer F.Fab) (width 0.1))
    (fp_line (start -39.03 10.83) (end 39.03 10.83) (layer F.CrtYd) (width 0.05))
    (fp_line (start -39.03 -10.83) (end 39.03 -10.83) (layer F.CrtYd) (width 0.05))
    (fp_line (start 39.03 -10.83) (end 39.03 -3.68) (layer F.CrtYd) (width 0.05))
    (fp_line (start -39.03 10.83) (end -39.03 3.68) (layer F.CrtYd) (width 0.05))
    (fp_line (start -39.03 -10.83) (end -39.03 -3.68) (layer F.CrtYd) (width 0.05))
    (fp_line (start 39.03 3.68) (end 43.5 3.68) (layer F.CrtYd) (width 0.05))
    (fp_line (start 43.5 -3.68) (end 39.03 -3.68) (layer F.CrtYd) (width 0.05))
    (fp_line (start -43.5 -3.68) (end -39.03 -3.68) (layer F.CrtYd) (width 0.05))
    (fp_line (start -43.5 3.68) (end -43.5 -3.68) (layer F.CrtYd) (width 0.05))
    (fp_line (start -39.03 3.68) (end -43.5 3.68) (layer F.CrtYd) (width 0.05))
    (fp_line (start -43.75 -6) (end -41.25 -6) (layer F.SilkS) (width 0.12))
    (fp_line (start -42.5 -4.75) (end -42.5 -7.25) (layer F.SilkS) (width 0.12))
    (pad 1 smd rect (at -39.33 0 180) (size 7.34 6.35) (layers F.Cu F.Paste F.Mask)
      (net 29 BAT+1))
    (pad 2 smd rect (at 39.33 0 180) (size 7.34 6.35) (layers F.Cu F.Paste F.Mask)
      (net 30 BAT-1))
    (pad "" np_thru_hole circle (at 27.6 -8 180) (size 3.45 3.45) (drill 3.45) (layers *.Cu *.Mask))
    (pad "" np_thru_hole circle (at -27.6 8 180) (size 3.45 3.45) (drill 3.45) (layers *.Cu *.Mask))
    (pad "" np_thru_hole circle (at -35.93 -8 180) (size 2.39 2.39) (drill 2.39) (layers *.Cu *.Mask))
    (model ${KISYS3DMOD}/Battery.3dshapes/BatteryHolder_Keystone_1042_1x18650.wrl
      (at (xyz 0 0 0))
      (scale (xyz 1 1 1))
      (rotate (xyz 0 0 0))
    )
  )

  (module Capacitor_SMD:C_1206_3216Metric_Pad1.42x1.75mm_HandSolder (layer F.Cu) (tedit 5B301BBE) (tstamp 5DF01B32)
    (at 97.282 103.886 180)
    (descr "Capacitor SMD 1206 (3216 Metric), square (rectangular) end terminal, IPC_7351 nominal with elongated pad for handsoldering. (Body size source: http://www.tortai-tech.com/upload/download/2011102023233369053.pdf), generated with kicad-footprint-generator")
    (tags "capacitor handsolder")
    (path /5E4AB87E)
    (attr smd)
    (fp_text reference C1 (at -0.127 1.651 180) (layer F.SilkS)
      (effects (font (size 1 1) (thickness 0.15)))
    )
    (fp_text value 0.022uF (at 0 1.82 180) (layer F.Fab)
      (effects (font (size 1 1) (thickness 0.15)))
    )
    (fp_line (start -1.6 0.8) (end -1.6 -0.8) (layer F.Fab) (width 0.1))
    (fp_line (start -1.6 -0.8) (end 1.6 -0.8) (layer F.Fab) (width 0.1))
    (fp_line (start 1.6 -0.8) (end 1.6 0.8) (layer F.Fab) (width 0.1))
    (fp_line (start 1.6 0.8) (end -1.6 0.8) (layer F.Fab) (width 0.1))
    (fp_line (start -0.602064 -0.91) (end 0.602064 -0.91) (layer F.SilkS) (width 0.12))
    (fp_line (start -0.602064 0.91) (end 0.602064 0.91) (layer F.SilkS) (width 0.12))
    (fp_line (start -2.45 1.12) (end -2.45 -1.12) (layer F.CrtYd) (width 0.05))
    (fp_line (start -2.45 -1.12) (end 2.45 -1.12) (layer F.CrtYd) (width 0.05))
    (fp_line (start 2.45 -1.12) (end 2.45 1.12) (layer F.CrtYd) (width 0.05))
    (fp_line (start 2.45 1.12) (end -2.45 1.12) (layer F.CrtYd) (width 0.05))
    (fp_text user %R (at 0 0 180) (layer F.Fab)
      (effects (font (size 0.8 0.8) (thickness 0.12)))
    )
    (pad 1 smd roundrect (at -1.4875 0 180) (size 1.425 1.75) (layers F.Cu F.Paste F.Mask) (roundrect_rratio 0.175439)
      (net 1 5Vref))
    (pad 2 smd roundrect (at 1.4875 0 180) (size 1.425 1.75) (layers F.Cu F.Paste F.Mask) (roundrect_rratio 0.175439)
      (net 2 GNDD))
    (model ${KISYS3DMOD}/Capacitor_SMD.3dshapes/C_1206_3216Metric.wrl
      (at (xyz 0 0 0))
      (scale (xyz 1 1 1))
      (rotate (xyz 0 0 0))
    )
  )

  (module Capacitor_SMD:C_1206_3216Metric_Pad1.42x1.75mm_HandSolder (layer F.Cu) (tedit 5B301BBE) (tstamp 5DF01B43)
    (at 131.572 139.2285 270)
    (descr "Capacitor SMD 1206 (3216 Metric), square (rectangular) end terminal, IPC_7351 nominal with elongated pad for handsoldering. (Body size source: http://www.tortai-tech.com/upload/download/2011102023233369053.pdf), generated with kicad-footprint-generator")
    (tags "capacitor handsolder")
    (path /5DEAB253)
    (attr smd)
    (fp_text reference C2 (at -3.0845 0) (layer F.SilkS)
      (effects (font (size 1 1) (thickness 0.15)))
    )
    (fp_text value 0.1u (at 0 1.82 270) (layer F.Fab)
      (effects (font (size 1 1) (thickness 0.15)))
    )
    (fp_line (start -1.6 0.8) (end -1.6 -0.8) (layer F.Fab) (width 0.1))
    (fp_line (start -1.6 -0.8) (end 1.6 -0.8) (layer F.Fab) (width 0.1))
    (fp_line (start 1.6 -0.8) (end 1.6 0.8) (layer F.Fab) (width 0.1))
    (fp_line (start 1.6 0.8) (end -1.6 0.8) (layer F.Fab) (width 0.1))
    (fp_line (start -0.602064 -0.91) (end 0.602064 -0.91) (layer F.SilkS) (width 0.12))
    (fp_line (start -0.602064 0.91) (end 0.602064 0.91) (layer F.SilkS) (width 0.12))
    (fp_line (start -2.45 1.12) (end -2.45 -1.12) (layer F.CrtYd) (width 0.05))
    (fp_line (start -2.45 -1.12) (end 2.45 -1.12) (layer F.CrtYd) (width 0.05))
    (fp_line (start 2.45 -1.12) (end 2.45 1.12) (layer F.CrtYd) (width 0.05))
    (fp_line (start 2.45 1.12) (end -2.45 1.12) (layer F.CrtYd) (width 0.05))
    (fp_text user %R (at 0 0 270) (layer F.Fab)
      (effects (font (size 0.8 0.8) (thickness 0.12)))
    )
    (pad 1 smd roundrect (at -1.4875 0 270) (size 1.425 1.75) (layers F.Cu F.Paste F.Mask) (roundrect_rratio 0.175439)
      (net 29 BAT+1))
    (pad 2 smd roundrect (at 1.4875 0 270) (size 1.425 1.75) (layers F.Cu F.Paste F.Mask) (roundrect_rratio 0.175439)
      (net 2 GNDD))
    (model ${KISYS3DMOD}/Capacitor_SMD.3dshapes/C_1206_3216Metric.wrl
      (at (xyz 0 0 0))
      (scale (xyz 1 1 1))
      (rotate (xyz 0 0 0))
    )
  )

  (module Capacitor_SMD:C_1206_3216Metric_Pad1.42x1.75mm_HandSolder (layer F.Cu) (tedit 5B301BBE) (tstamp 5DF01B54)
    (at 67.31 114.7175 270)
    (descr "Capacitor SMD 1206 (3216 Metric), square (rectangular) end terminal, IPC_7351 nominal with elongated pad for handsoldering. (Body size source: http://www.tortai-tech.com/upload/download/2011102023233369053.pdf), generated with kicad-footprint-generator")
    (tags "capacitor handsolder")
    (path /5D06CFCC)
    (attr smd)
    (fp_text reference C3 (at -3.1385 -0.127) (layer F.SilkS)
      (effects (font (size 1 1) (thickness 0.15)))
    )
    (fp_text value 0.1u (at 0 1.82 270) (layer F.Fab)
      (effects (font (size 1 1) (thickness 0.15)))
    )
    (fp_line (start -1.6 0.8) (end -1.6 -0.8) (layer F.Fab) (width 0.1))
    (fp_line (start -1.6 -0.8) (end 1.6 -0.8) (layer F.Fab) (width 0.1))
    (fp_line (start 1.6 -0.8) (end 1.6 0.8) (layer F.Fab) (width 0.1))
    (fp_line (start 1.6 0.8) (end -1.6 0.8) (layer F.Fab) (width 0.1))
    (fp_line (start -0.602064 -0.91) (end 0.602064 -0.91) (layer F.SilkS) (width 0.12))
    (fp_line (start -0.602064 0.91) (end 0.602064 0.91) (layer F.SilkS) (width 0.12))
    (fp_line (start -2.45 1.12) (end -2.45 -1.12) (layer F.CrtYd) (width 0.05))
    (fp_line (start -2.45 -1.12) (end 2.45 -1.12) (layer F.CrtYd) (width 0.05))
    (fp_line (start 2.45 -1.12) (end 2.45 1.12) (layer F.CrtYd) (width 0.05))
    (fp_line (start 2.45 1.12) (end -2.45 1.12) (layer F.CrtYd) (width 0.05))
    (fp_text user %R (at 0 0 270) (layer F.Fab)
      (effects (font (size 0.8 0.8) (thickness 0.12)))
    )
    (pad 1 smd roundrect (at -1.4875 0 270) (size 1.425 1.75) (layers F.Cu F.Paste F.Mask) (roundrect_rratio 0.175439)
      (net 3 /BQ29707_P5))
    (pad 2 smd roundrect (at 1.4875 0 270) (size 1.425 1.75) (layers F.Cu F.Paste F.Mask) (roundrect_rratio 0.175439)
      (net 30 BAT-1))
    (model ${KISYS3DMOD}/Capacitor_SMD.3dshapes/C_1206_3216Metric.wrl
      (at (xyz 0 0 0))
      (scale (xyz 1 1 1))
      (rotate (xyz 0 0 0))
    )
  )

  (module Capacitor_SMD:C_1206_3216Metric_Pad1.42x1.75mm_HandSolder (layer F.Cu) (tedit 5B301BBE) (tstamp 5DF01B65)
    (at 142.748 131 270)
    (descr "Capacitor SMD 1206 (3216 Metric), square (rectangular) end terminal, IPC_7351 nominal with elongated pad for handsoldering. (Body size source: http://www.tortai-tech.com/upload/download/2011102023233369053.pdf), generated with kicad-footprint-generator")
    (tags "capacitor handsolder")
    (path /5E205125)
    (attr smd)
    (fp_text reference C4 (at 3.5184 0.2032 90) (layer F.SilkS)
      (effects (font (size 1 1) (thickness 0.15)))
    )
    (fp_text value 0.1u (at 0 1.82 270) (layer F.Fab)
      (effects (font (size 1 1) (thickness 0.15)))
    )
    (fp_text user %R (at 0 0 270) (layer F.Fab)
      (effects (font (size 0.8 0.8) (thickness 0.12)))
    )
    (fp_line (start 2.45 1.12) (end -2.45 1.12) (layer F.CrtYd) (width 0.05))
    (fp_line (start 2.45 -1.12) (end 2.45 1.12) (layer F.CrtYd) (width 0.05))
    (fp_line (start -2.45 -1.12) (end 2.45 -1.12) (layer F.CrtYd) (width 0.05))
    (fp_line (start -2.45 1.12) (end -2.45 -1.12) (layer F.CrtYd) (width 0.05))
    (fp_line (start -0.602064 0.91) (end 0.602064 0.91) (layer F.SilkS) (width 0.12))
    (fp_line (start -0.602064 -0.91) (end 0.602064 -0.91) (layer F.SilkS) (width 0.12))
    (fp_line (start 1.6 0.8) (end -1.6 0.8) (layer F.Fab) (width 0.1))
    (fp_line (start 1.6 -0.8) (end 1.6 0.8) (layer F.Fab) (width 0.1))
    (fp_line (start -1.6 -0.8) (end 1.6 -0.8) (layer F.Fab) (width 0.1))
    (fp_line (start -1.6 0.8) (end -1.6 -0.8) (layer F.Fab) (width 0.1))
    (pad 2 smd roundrect (at 1.4875 0 270) (size 1.425 1.75) (layers F.Cu F.Paste F.Mask) (roundrect_rratio 0.175439)
      (net 2 GNDD))
    (pad 1 smd roundrect (at -1.4875 0 270) (size 1.425 1.75) (layers F.Cu F.Paste F.Mask) (roundrect_rratio 0.175439)
      (net 4 PACK+))
    (model ${KISYS3DMOD}/Capacitor_SMD.3dshapes/C_1206_3216Metric.wrl
      (at (xyz 0 0 0))
      (scale (xyz 1 1 1))
      (rotate (xyz 0 0 0))
    )
  )

  (module Capacitor_SMD:C_1206_3216Metric_Pad1.42x1.75mm_HandSolder (layer F.Cu) (tedit 5B301BBE) (tstamp 5DF01B76)
    (at 148.082 131 270)
    (descr "Capacitor SMD 1206 (3216 Metric), square (rectangular) end terminal, IPC_7351 nominal with elongated pad for handsoldering. (Body size source: http://www.tortai-tech.com/upload/download/2011102023233369053.pdf), generated with kicad-footprint-generator")
    (tags "capacitor handsolder")
    (path /5E1FE7F6)
    (attr smd)
    (fp_text reference C5 (at 3.5184 -0.0508 90) (layer F.SilkS)
      (effects (font (size 1 1) (thickness 0.15)))
    )
    (fp_text value 0.22u (at 0 1.82 270) (layer F.Fab)
      (effects (font (size 1 1) (thickness 0.15)))
    )
    (fp_text user %R (at 0 0 270) (layer F.Fab)
      (effects (font (size 0.8 0.8) (thickness 0.12)))
    )
    (fp_line (start 2.45 1.12) (end -2.45 1.12) (layer F.CrtYd) (width 0.05))
    (fp_line (start 2.45 -1.12) (end 2.45 1.12) (layer F.CrtYd) (width 0.05))
    (fp_line (start -2.45 -1.12) (end 2.45 -1.12) (layer F.CrtYd) (width 0.05))
    (fp_line (start -2.45 1.12) (end -2.45 -1.12) (layer F.CrtYd) (width 0.05))
    (fp_line (start -0.602064 0.91) (end 0.602064 0.91) (layer F.SilkS) (width 0.12))
    (fp_line (start -0.602064 -0.91) (end 0.602064 -0.91) (layer F.SilkS) (width 0.12))
    (fp_line (start 1.6 0.8) (end -1.6 0.8) (layer F.Fab) (width 0.1))
    (fp_line (start 1.6 -0.8) (end 1.6 0.8) (layer F.Fab) (width 0.1))
    (fp_line (start -1.6 -0.8) (end 1.6 -0.8) (layer F.Fab) (width 0.1))
    (fp_line (start -1.6 0.8) (end -1.6 -0.8) (layer F.Fab) (width 0.1))
    (pad 2 smd roundrect (at 1.4875 0 270) (size 1.425 1.75) (layers F.Cu F.Paste F.Mask) (roundrect_rratio 0.175439)
      (net 2 GNDD))
    (pad 1 smd roundrect (at -1.4875 0 270) (size 1.425 1.75) (layers F.Cu F.Paste F.Mask) (roundrect_rratio 0.175439)
      (net 5 "Net-(C5-Pad1)"))
    (model ${KISYS3DMOD}/Capacitor_SMD.3dshapes/C_1206_3216Metric.wrl
      (at (xyz 0 0 0))
      (scale (xyz 1 1 1))
      (rotate (xyz 0 0 0))
    )
  )

  (module Capacitor_SMD:C_1206_3216Metric_Pad1.42x1.75mm_HandSolder (layer F.Cu) (tedit 5B301BBE) (tstamp 5DF12F5E)
    (at 153.3398 131.0386 270)
    (descr "Capacitor SMD 1206 (3216 Metric), square (rectangular) end terminal, IPC_7351 nominal with elongated pad for handsoldering. (Body size source: http://www.tortai-tech.com/upload/download/2011102023233369053.pdf), generated with kicad-footprint-generator")
    (tags "capacitor handsolder")
    (path /5E21D3F1)
    (attr smd)
    (fp_text reference C6 (at 3.4163 -0.1397 90) (layer F.SilkS)
      (effects (font (size 1 1) (thickness 0.15)))
    )
    (fp_text value 10u (at 0 1.82 270) (layer F.Fab)
      (effects (font (size 1 1) (thickness 0.15)))
    )
    (fp_text user %R (at 0 0 270) (layer F.Fab)
      (effects (font (size 0.8 0.8) (thickness 0.12)))
    )
    (fp_line (start 2.45 1.12) (end -2.45 1.12) (layer F.CrtYd) (width 0.05))
    (fp_line (start 2.45 -1.12) (end 2.45 1.12) (layer F.CrtYd) (width 0.05))
    (fp_line (start -2.45 -1.12) (end 2.45 -1.12) (layer F.CrtYd) (width 0.05))
    (fp_line (start -2.45 1.12) (end -2.45 -1.12) (layer F.CrtYd) (width 0.05))
    (fp_line (start -0.602064 0.91) (end 0.602064 0.91) (layer F.SilkS) (width 0.12))
    (fp_line (start -0.602064 -0.91) (end 0.602064 -0.91) (layer F.SilkS) (width 0.12))
    (fp_line (start 1.6 0.8) (end -1.6 0.8) (layer F.Fab) (width 0.1))
    (fp_line (start 1.6 -0.8) (end 1.6 0.8) (layer F.Fab) (width 0.1))
    (fp_line (start -1.6 -0.8) (end 1.6 -0.8) (layer F.Fab) (width 0.1))
    (fp_line (start -1.6 0.8) (end -1.6 -0.8) (layer F.Fab) (width 0.1))
    (pad 2 smd roundrect (at 1.4875 0 270) (size 1.425 1.75) (layers F.Cu F.Paste F.Mask) (roundrect_rratio 0.175439)
      (net 2 GNDD))
    (pad 1 smd roundrect (at -1.4875 0 270) (size 1.425 1.75) (layers F.Cu F.Paste F.Mask) (roundrect_rratio 0.175439)
      (net 6 "Net-(C6-Pad1)"))
    (model ${KISYS3DMOD}/Capacitor_SMD.3dshapes/C_1206_3216Metric.wrl
      (at (xyz 0 0 0))
      (scale (xyz 1 1 1))
      (rotate (xyz 0 0 0))
    )
  )

  (module Capacitor_SMD:C_1206_3216Metric_Pad1.42x1.75mm_HandSolder (layer F.Cu) (tedit 5B301BBE) (tstamp 5DF01B98)
    (at 158.4 131 270)
    (descr "Capacitor SMD 1206 (3216 Metric), square (rectangular) end terminal, IPC_7351 nominal with elongated pad for handsoldering. (Body size source: http://www.tortai-tech.com/upload/download/2011102023233369053.pdf), generated with kicad-footprint-generator")
    (tags "capacitor handsolder")
    (path /5E27AB9E)
    (attr smd)
    (fp_text reference C7 (at 3.6703 -0.2794 270) (layer F.SilkS)
      (effects (font (size 1 1) (thickness 0.15)))
    )
    (fp_text value 0.22u (at 0 1.82 270) (layer F.Fab)
      (effects (font (size 1 1) (thickness 0.15)))
    )
    (fp_line (start -1.6 0.8) (end -1.6 -0.8) (layer F.Fab) (width 0.1))
    (fp_line (start -1.6 -0.8) (end 1.6 -0.8) (layer F.Fab) (width 0.1))
    (fp_line (start 1.6 -0.8) (end 1.6 0.8) (layer F.Fab) (width 0.1))
    (fp_line (start 1.6 0.8) (end -1.6 0.8) (layer F.Fab) (width 0.1))
    (fp_line (start -0.602064 -0.91) (end 0.602064 -0.91) (layer F.SilkS) (width 0.12))
    (fp_line (start -0.602064 0.91) (end 0.602064 0.91) (layer F.SilkS) (width 0.12))
    (fp_line (start -2.45 1.12) (end -2.45 -1.12) (layer F.CrtYd) (width 0.05))
    (fp_line (start -2.45 -1.12) (end 2.45 -1.12) (layer F.CrtYd) (width 0.05))
    (fp_line (start 2.45 -1.12) (end 2.45 1.12) (layer F.CrtYd) (width 0.05))
    (fp_line (start 2.45 1.12) (end -2.45 1.12) (layer F.CrtYd) (width 0.05))
    (fp_text user %R (at 0 0 270) (layer F.Fab)
      (effects (font (size 0.8 0.8) (thickness 0.12)))
    )
    (pad 1 smd roundrect (at -1.4875 0 270) (size 1.425 1.75) (layers F.Cu F.Paste F.Mask) (roundrect_rratio 0.175439)
      (net 7 "Net-(C7-Pad1)"))
    (pad 2 smd roundrect (at 1.4875 0 270) (size 1.425 1.75) (layers F.Cu F.Paste F.Mask) (roundrect_rratio 0.175439)
      (net 2 GNDD))
    (model ${KISYS3DMOD}/Capacitor_SMD.3dshapes/C_1206_3216Metric.wrl
      (at (xyz 0 0 0))
      (scale (xyz 1 1 1))
      (rotate (xyz 0 0 0))
    )
  )

  (module Capacitor_SMD:C_1206_3216Metric_Pad1.42x1.75mm_HandSolder (layer F.Cu) (tedit 5B301BBE) (tstamp 5DF01BA9)
    (at 163.576 130.99382 270)
    (descr "Capacitor SMD 1206 (3216 Metric), square (rectangular) end terminal, IPC_7351 nominal with elongated pad for handsoldering. (Body size source: http://www.tortai-tech.com/upload/download/2011102023233369053.pdf), generated with kicad-footprint-generator")
    (tags "capacitor handsolder")
    (path /5E296104)
    (attr smd)
    (fp_text reference C8 (at 3.52966 -0.08636 270) (layer F.SilkS)
      (effects (font (size 1 1) (thickness 0.15)))
    )
    (fp_text value 0.1u (at 0 1.82 270) (layer F.Fab)
      (effects (font (size 1 1) (thickness 0.15)))
    )
    (fp_text user %R (at 0 0 270) (layer F.Fab)
      (effects (font (size 0.8 0.8) (thickness 0.12)))
    )
    (fp_line (start 2.45 1.12) (end -2.45 1.12) (layer F.CrtYd) (width 0.05))
    (fp_line (start 2.45 -1.12) (end 2.45 1.12) (layer F.CrtYd) (width 0.05))
    (fp_line (start -2.45 -1.12) (end 2.45 -1.12) (layer F.CrtYd) (width 0.05))
    (fp_line (start -2.45 1.12) (end -2.45 -1.12) (layer F.CrtYd) (width 0.05))
    (fp_line (start -0.602064 0.91) (end 0.602064 0.91) (layer F.SilkS) (width 0.12))
    (fp_line (start -0.602064 -0.91) (end 0.602064 -0.91) (layer F.SilkS) (width 0.12))
    (fp_line (start 1.6 0.8) (end -1.6 0.8) (layer F.Fab) (width 0.1))
    (fp_line (start 1.6 -0.8) (end 1.6 0.8) (layer F.Fab) (width 0.1))
    (fp_line (start -1.6 -0.8) (end 1.6 -0.8) (layer F.Fab) (width 0.1))
    (fp_line (start -1.6 0.8) (end -1.6 -0.8) (layer F.Fab) (width 0.1))
    (pad 2 smd roundrect (at 1.4875 0 270) (size 1.425 1.75) (layers F.Cu F.Paste F.Mask) (roundrect_rratio 0.175439)
      (net 2 GNDD))
    (pad 1 smd roundrect (at -1.4875 0 270) (size 1.425 1.75) (layers F.Cu F.Paste F.Mask) (roundrect_rratio 0.175439)
      (net 8 MPB))
    (model ${KISYS3DMOD}/Capacitor_SMD.3dshapes/C_1206_3216Metric.wrl
      (at (xyz 0 0 0))
      (scale (xyz 1 1 1))
      (rotate (xyz 0 0 0))
    )
  )

  (module Connector_PinHeader_2.00mm:PinHeader_1x01_P2.00mm_Vertical (layer F.Cu) (tedit 59FED667) (tstamp 5DF01BBE)
    (at 153.543 117.729)
    (descr "Through hole straight pin header, 1x01, 2.00mm pitch, single row")
    (tags "Through hole pin header THT 1x01 2.00mm single row")
    (path /5E2E086E)
    (fp_text reference CDR1 (at 0 -2.06) (layer F.SilkS)
      (effects (font (size 1 1) (thickness 0.15)))
    )
    (fp_text value TestPoint (at 0 2.06) (layer F.Fab)
      (effects (font (size 1 1) (thickness 0.15)))
    )
    (fp_line (start -0.5 -1) (end 1 -1) (layer F.Fab) (width 0.1))
    (fp_line (start 1 -1) (end 1 1) (layer F.Fab) (width 0.1))
    (fp_line (start 1 1) (end -1 1) (layer F.Fab) (width 0.1))
    (fp_line (start -1 1) (end -1 -0.5) (layer F.Fab) (width 0.1))
    (fp_line (start -1 -0.5) (end -0.5 -1) (layer F.Fab) (width 0.1))
    (fp_line (start -1.06 1.06) (end 1.06 1.06) (layer F.SilkS) (width 0.12))
    (fp_line (start -1.06 1) (end -1.06 1.06) (layer F.SilkS) (width 0.12))
    (fp_line (start 1.06 1) (end 1.06 1.06) (layer F.SilkS) (width 0.12))
    (fp_line (start -1.06 1) (end 1.06 1) (layer F.SilkS) (width 0.12))
    (fp_line (start -1.06 0) (end -1.06 -1.06) (layer F.SilkS) (width 0.12))
    (fp_line (start -1.06 -1.06) (end 0 -1.06) (layer F.SilkS) (width 0.12))
    (fp_line (start -1.5 -1.5) (end -1.5 1.5) (layer F.CrtYd) (width 0.05))
    (fp_line (start -1.5 1.5) (end 1.5 1.5) (layer F.CrtYd) (width 0.05))
    (fp_line (start 1.5 1.5) (end 1.5 -1.5) (layer F.CrtYd) (width 0.05))
    (fp_line (start 1.5 -1.5) (end -1.5 -1.5) (layer F.CrtYd) (width 0.05))
    (fp_text user %R (at 0 0 90) (layer F.Fab)
      (effects (font (size 1 1) (thickness 0.15)))
    )
    (pad 1 thru_hole rect (at 0 0) (size 1.35 1.35) (drill 0.8) (layers *.Cu *.Mask)
      (net 6 "Net-(C6-Pad1)"))
    (model ${KISYS3DMOD}/Connector_PinHeader_2.00mm.3dshapes/PinHeader_1x01_P2.00mm_Vertical.wrl
      (at (xyz 0 0 0))
      (scale (xyz 1 1 1))
      (rotate (xyz 0 0 0))
    )
  )

  (module Diode_SMD:D_2114_3652Metric_Castellated (layer F.Cu) (tedit 5B301BBE) (tstamp 5DF01BD1)
    (at 148.6635 121.539)
    (descr "Diode SMD 2114 (3652 Metric), castellated end terminal, IPC_7351 nominal, (Body size from: http://datasheets.avx.com/schottky.pdf), generated with kicad-footprint-generator")
    (tags "diode castellated")
    (path /5E2A87DC)
    (attr smd)
    (fp_text reference D1 (at 0 -2.78) (layer F.SilkS)
      (effects (font (size 1 1) (thickness 0.15)))
    )
    (fp_text value D_Schottky (at 0 2.78) (layer F.Fab)
      (effects (font (size 1 1) (thickness 0.15)))
    )
    (fp_text user %R (at 0 0) (layer F.Fab)
      (effects (font (size 1 1) (thickness 0.15)))
    )
    (fp_line (start 3.48 2.08) (end -3.48 2.08) (layer F.CrtYd) (width 0.05))
    (fp_line (start 3.48 -2.08) (end 3.48 2.08) (layer F.CrtYd) (width 0.05))
    (fp_line (start -3.48 -2.08) (end 3.48 -2.08) (layer F.CrtYd) (width 0.05))
    (fp_line (start -3.48 2.08) (end -3.48 -2.08) (layer F.CrtYd) (width 0.05))
    (fp_line (start -3.485 2.085) (end 2.6 2.085) (layer F.SilkS) (width 0.12))
    (fp_line (start -3.485 -2.085) (end -3.485 2.085) (layer F.SilkS) (width 0.12))
    (fp_line (start 2.6 -2.085) (end -3.485 -2.085) (layer F.SilkS) (width 0.12))
    (fp_line (start 2.6 1.8) (end 2.6 -1.8) (layer F.Fab) (width 0.1))
    (fp_line (start -2.6 1.8) (end 2.6 1.8) (layer F.Fab) (width 0.1))
    (fp_line (start -2.6 -0.9) (end -2.6 1.8) (layer F.Fab) (width 0.1))
    (fp_line (start -1.7 -1.8) (end -2.6 -0.9) (layer F.Fab) (width 0.1))
    (fp_line (start 2.6 -1.8) (end -1.7 -1.8) (layer F.Fab) (width 0.1))
    (pad 2 smd roundrect (at 2.2125 0) (size 2.025 3.65) (layers F.Cu F.Paste F.Mask) (roundrect_rratio 0.123457)
      (net 6 "Net-(C6-Pad1)"))
    (pad 1 smd roundrect (at -2.2125 0) (size 2.025 3.65) (layers F.Cu F.Paste F.Mask) (roundrect_rratio 0.123457)
      (net 4 PACK+))
    (model ${KISYS3DMOD}/Diode_SMD.3dshapes/D_2114_3652Metric_Castellated.wrl
      (at (xyz 0 0 0))
      (scale (xyz 1 1 1))
      (rotate (xyz 0 0 0))
    )
  )

  (module Diode_SMD:D_2114_3652Metric_Castellated (layer F.Cu) (tedit 5B301BBE) (tstamp 5DF01BE4)
    (at 158.4225 121.539 180)
    (descr "Diode SMD 2114 (3652 Metric), castellated end terminal, IPC_7351 nominal, (Body size from: http://datasheets.avx.com/schottky.pdf), generated with kicad-footprint-generator")
    (tags "diode castellated")
    (path /5E2A9DAF)
    (attr smd)
    (fp_text reference D2 (at -0.0735 2.667 180) (layer F.SilkS)
      (effects (font (size 1 1) (thickness 0.15)))
    )
    (fp_text value D_Schottky (at 0 2.78 180) (layer F.Fab)
      (effects (font (size 1 1) (thickness 0.15)))
    )
    (fp_line (start 2.6 -1.8) (end -1.7 -1.8) (layer F.Fab) (width 0.1))
    (fp_line (start -1.7 -1.8) (end -2.6 -0.9) (layer F.Fab) (width 0.1))
    (fp_line (start -2.6 -0.9) (end -2.6 1.8) (layer F.Fab) (width 0.1))
    (fp_line (start -2.6 1.8) (end 2.6 1.8) (layer F.Fab) (width 0.1))
    (fp_line (start 2.6 1.8) (end 2.6 -1.8) (layer F.Fab) (width 0.1))
    (fp_line (start 2.6 -2.085) (end -3.485 -2.085) (layer F.SilkS) (width 0.12))
    (fp_line (start -3.485 -2.085) (end -3.485 2.085) (layer F.SilkS) (width 0.12))
    (fp_line (start -3.485 2.085) (end 2.6 2.085) (layer F.SilkS) (width 0.12))
    (fp_line (start -3.48 2.08) (end -3.48 -2.08) (layer F.CrtYd) (width 0.05))
    (fp_line (start -3.48 -2.08) (end 3.48 -2.08) (layer F.CrtYd) (width 0.05))
    (fp_line (start 3.48 -2.08) (end 3.48 2.08) (layer F.CrtYd) (width 0.05))
    (fp_line (start 3.48 2.08) (end -3.48 2.08) (layer F.CrtYd) (width 0.05))
    (fp_text user %R (at 0 0 180) (layer F.Fab)
      (effects (font (size 1 1) (thickness 0.15)))
    )
    (pad 1 smd roundrect (at -2.2125 0 180) (size 2.025 3.65) (layers F.Cu F.Paste F.Mask) (roundrect_rratio 0.123457)
      (net 8 MPB))
    (pad 2 smd roundrect (at 2.2125 0 180) (size 2.025 3.65) (layers F.Cu F.Paste F.Mask) (roundrect_rratio 0.123457)
      (net 6 "Net-(C6-Pad1)"))
    (model ${KISYS3DMOD}/Diode_SMD.3dshapes/D_2114_3652Metric_Castellated.wrl
      (at (xyz 0 0 0))
      (scale (xyz 1 1 1))
      (rotate (xyz 0 0 0))
    )
  )

  (module Connector_PinHeader_2.00mm:PinHeader_1x01_P2.00mm_Vertical (layer F.Cu) (tedit 59FED667) (tstamp 5DF01BF9)
    (at 71.798601 43.323601)
    (descr "Through hole straight pin header, 1x01, 2.00mm pitch, single row")
    (tags "Through hole pin header THT 1x01 2.00mm single row")
    (path /5D080B5D)
    (fp_text reference GND1 (at 0 -2.06) (layer F.SilkS)
      (effects (font (size 1 1) (thickness 0.15)))
    )
    (fp_text value TestPoint (at 0 2.06) (layer F.Fab)
      (effects (font (size 1 1) (thickness 0.15)))
    )
    (fp_text user %R (at 0 0 90) (layer F.Fab)
      (effects (font (size 1 1) (thickness 0.15)))
    )
    (fp_line (start 1.5 -1.5) (end -1.5 -1.5) (layer F.CrtYd) (width 0.05))
    (fp_line (start 1.5 1.5) (end 1.5 -1.5) (layer F.CrtYd) (width 0.05))
    (fp_line (start -1.5 1.5) (end 1.5 1.5) (layer F.CrtYd) (width 0.05))
    (fp_line (start -1.5 -1.5) (end -1.5 1.5) (layer F.CrtYd) (width 0.05))
    (fp_line (start -1.06 -1.06) (end 0 -1.06) (layer F.SilkS) (width 0.12))
    (fp_line (start -1.06 0) (end -1.06 -1.06) (layer F.SilkS) (width 0.12))
    (fp_line (start -1.06 1) (end 1.06 1) (layer F.SilkS) (width 0.12))
    (fp_line (start 1.06 1) (end 1.06 1.06) (layer F.SilkS) (width 0.12))
    (fp_line (start -1.06 1) (end -1.06 1.06) (layer F.SilkS) (width 0.12))
    (fp_line (start -1.06 1.06) (end 1.06 1.06) (layer F.SilkS) (width 0.12))
    (fp_line (start -1 -0.5) (end -0.5 -1) (layer F.Fab) (width 0.1))
    (fp_line (start -1 1) (end -1 -0.5) (layer F.Fab) (width 0.1))
    (fp_line (start 1 1) (end -1 1) (layer F.Fab) (width 0.1))
    (fp_line (start 1 -1) (end 1 1) (layer F.Fab) (width 0.1))
    (fp_line (start -0.5 -1) (end 1 -1) (layer F.Fab) (width 0.1))
    (pad 1 thru_hole rect (at 0 0) (size 1.35 1.35) (drill 0.8) (layers *.Cu *.Mask)
      (net 2 GNDD))
    (model ${KISYS3DMOD}/Connector_PinHeader_2.00mm.3dshapes/PinHeader_1x01_P2.00mm_Vertical.wrl
      (at (xyz 0 0 0))
      (scale (xyz 1 1 1))
      (rotate (xyz 0 0 0))
    )
  )

  (module Connector_PinHeader_2.00mm:PinHeader_2x06_P2.00mm_Vertical (layer F.Cu) (tedit 59FED667) (tstamp 5DF01C1B)
    (at 123.063 34.544)
    (descr "Through hole straight pin header, 2x06, 2.00mm pitch, double rows")
    (tags "Through hole pin header THT 2x06 2.00mm double row")
    (path /5DEDE743)
    (fp_text reference J1 (at 1 -2.06) (layer F.SilkS)
      (effects (font (size 1 1) (thickness 0.15)))
    )
    (fp_text value Conn_02x06_Top_Bottom (at 1 12.06) (layer F.Fab)
      (effects (font (size 1 1) (thickness 0.15)))
    )
    (fp_line (start 0 -1) (end 3 -1) (layer F.Fab) (width 0.1))
    (fp_line (start 3 -1) (end 3 11) (layer F.Fab) (width 0.1))
    (fp_line (start 3 11) (end -1 11) (layer F.Fab) (width 0.1))
    (fp_line (start -1 11) (end -1 0) (layer F.Fab) (width 0.1))
    (fp_line (start -1 0) (end 0 -1) (layer F.Fab) (width 0.1))
    (fp_line (start -1.06 11.06) (end 3.06 11.06) (layer F.SilkS) (width 0.12))
    (fp_line (start -1.06 1) (end -1.06 11.06) (layer F.SilkS) (width 0.12))
    (fp_line (start 3.06 -1.06) (end 3.06 11.06) (layer F.SilkS) (width 0.12))
    (fp_line (start -1.06 1) (end 1 1) (layer F.SilkS) (width 0.12))
    (fp_line (start 1 1) (end 1 -1.06) (layer F.SilkS) (width 0.12))
    (fp_line (start 1 -1.06) (end 3.06 -1.06) (layer F.SilkS) (width 0.12))
